1,12,0,1
1,12,1,0
1,12,2,-95
1,12,3,0
2,12,0,0
2,12,1,0
2,12,2,0
2,12,3,0
3,12,0,0
3,12,1,0
3,12,2,-96
3,12,3,0
4,12,0,0
4,12,1,0
4,12,2,0
4,12,3,0
5,12,0,0
5,12,1,0
5,12,2,0
5,12,3,0
6,12,0,0
6,12,1,0
6,12,2,0
6,12,3,0
1,11,0,0
1,11,1,0
1,11,2,-115,2
1,11,3,-96
2,11,0,-115,2
2,11,1,-96
2,11,2,-96
2,11,3,0
3,11,0,0
3,11,1,-96
3,11,2,-119,04
3,11,3,-96
4,11,0,-96
4,11,1,0
4,11,2,0
4,11,3,0
5,11,0,0
5,11,1,0
5,11,2,-96
5,11,3,0
6,11,0,0
6,11,1,0
6,11,2,0
6,11,3,0
6,10,0,0
6,10,1,0
6,10,2,0
6,10,3,0
5,10,0,0
5,10,1,-96
5,10,2,0
5,10,3,0
4,10,0,0
4,10,1,-96
4,10,2,-115,2
4,10,3,-96
3,10,0,-176,64
3,10,1,-205,976
3,10,2,-115,2
3,10,3,-176,64
2,10,0,-119,808
2,10,1,-96
2,10,2,-115,2
2,10,3,-119
1,10,0,-96
1,10,1,-119
1,10,2,-181,24
1,10,3,-96
1,9,0,-195,84
1,9,1,-96
1,9,2,-180
1,9,3,-180
2,9,0,-195,9936
2,9,1,-115
2,9,2,-211,2256
2,9,3,-204,928
3,9,0,-180,44
3,9,1,-195,9936
3,9,2,-192,64
3,9,3,-244,3776
4,9,0,-96
4,9,1,-115
4,9,2,-119
4,9,3,-96
5,9,0,0
5,9,1,-96
5,9,2,0
5,9,3,0
6,9,0,-96
6,9,1,0
6,9,2,-119,04
6,9,3,0
6,8,0,-119,04
6,8,1,-119
6,8,2,0
6,8,3,-96
5,8,0,-119,8
5,8,1,-96
5,8,2,-119,8
5,8,3,0
4,8,0,-176
4,8,1,-181,24
4,8,2,-115
4,8,3,-96
3,8,0,-180
3,8,1,-196,128
3,8,2,-244,3776
3,8,3,-243,84
2,8,0,-192,768
2,8,1,-96
2,8,2,-176
2,8,3,-195,9936
1,8,0,0
1,8,1,-115
1,8,2,-96
1,8,3,-119
1,7,0,-115
1,7,1,-96
1,7,2,-180
1,7,3,-96
2,7,0,-115
2,7,1,-119
2,7,2,-96
2,7,3,0
3,7,0,-119
3,7,1,0
3,7,2,-119
3,7,3,-119,8
4,7,0,-257,44
4,7,1,-258,04
4,7,2,-243,84
4,7,3,-176
5,7,0,-195,96
5,7,1,-119
5,7,2,-119
5,7,3,-213,632
6,7,0,-115
6,7,1,-181,24
6,7,2,-96
6,7,3,-96
6,4,0,0
6,4,1,-96
6,4,2,-115
6,4,3,-115,2
5,4,0,-96
5,4,1,-115
5,4,2,-96
5,4,3,-176
4,4,0,-176
4,4,1,-96
4,4,2,-119
4,4,3,-176
3,4,0,-96
3,4,1,-96
3,4,2,-96
3,4,3,0
2,4,0,-96
2,4,1,0
2,4,2,0
2,4,3,0
1,4,0,0
1,4,1,0
1,4,2,0
1,4,3,0
1,5,0,0
1,5,1,0
1,5,2,0
1,5,3,0
2,5,0,0
2,5,1,0
2,5,2,0
2,5,3,0
3,5,0,-96
3,5,1,0
3,5,2,0
3,5,3,0
4,5,0,-96
4,5,1,0
4,5,2,-115
4,5,3,-115,2
5,5,0,-176,64
5,5,1,-176,64
5,5,2,-115
5,5,3,-176
6,5,0,-115
6,5,1,-119,8
6,5,2,-115,2
6,5,3,0
6,6,0,0
6,6,1,-115
6,6,2,-115,2
6,6,3,-115,2
5,6,0,-193,64
5,6,1,-176
5,6,2,-96
5,6,3,-176
4,6,0,-119
4,6,1,-115,2
4,6,2,0
4,6,3,-119,96
3,6,0,-119,8
3,6,1,-96
3,6,2,-96
3,6,3,0
2,6,0,-96
2,6,1,-115
2,6,2,0
2,6,3,-119
1,6,0,-119
1,6,1,0
1,6,2,0
1,6,3,-96
7,9,0,-192,6
7,9,1,-192,768
7,9,2,-176,64
7,9,3,-176,64
7,8,0,-96
7,8,1,0
7,8,2,-115,2
7,8,3,-119,96
8,9,0,0
8,9,1,-115
8,9,2,-119
8,9,3,-96
8,8,0,-96
8,8,1,-96
8,8,2,0
8,8,3,-115
9,9,0,0
9,9,1,0
9,9,2,0
9,9,3,0
9,8,0,0
9,8,1,0
9,8,2,0
9,8,3,0
10,9,0,0
10,9,1,0
10,9,2,0
10,9,3,0
10,8,0,0
10,8,1,0
10,8,2,0
10,8,3,0
9,7,0,0
9,7,1,0
9,7,2,0
9,7,3,0
10,7,0,0
10,7,1,0
10,7,2,-96
10,7,3,0
9,12,0,-96
9,12,1,-96
9,12,2,0
9,12,3,0
9,11,0,0
9,11,1,0
9,11,2,0
9,11,3,0
10,12,0,-115,2
10,12,1,0
10,12,2,0
10,12,3,-119
10,11,0,0
10,11,1,0
10,11,2,0
10,11,3,-96
9,10,0,0
9,10,1,0
9,10,2,0
9,10,3,0
10,10,0,0
10,10,1,0
10,10,2,0
10,10,3,0
9,15,0,0
9,15,1,0
9,15,2,0
9,15,3,0
9,14,0,0
9,14,1,0
9,14,2,-96
9,14,3,0
10,15,0,0
10,15,1,0
10,15,2,0
10,15,3,0
10,14,0,0
10,14,1,0
10,14,2,0
10,14,3,0
9,13,0,0
9,13,1,-96
9,13,2,-96
9,13,3,-96
10,13,0,0
10,13,1,-96
10,13,2,-115,2
10,13,3,0
9,16,0,0
9,16,1,0
9,16,2,0
9,16,3,0
10,16,0,0
10,16,1,0
10,16,2,0
10,16,3,0
8,14,0,0
8,14,1,0
8,14,2,0
8,14,3,0
8,15,0,0
8,15,1,0
8,15,2,0
8,15,3,0
7,14,0,0
7,14,1,0
7,14,2,0
7,14,3,0
7,15,0,0
7,15,1,0
7,15,2,0
7,15,3,0
6,14,0,0
6,14,1,0
6,14,2,0
6,14,3,0
6,15,0,0
6,15,1,0
6,15,2,0
6,15,3,0
10,18,0,0
10,18,1,8
10,18,2,0
10,18,3,0
11,18,0,0
11,18,1,6
11,18,2,0
11,18,3,0
9,18,0,0
9,18,1,8
9,18,2,6
9,18,3,3
8,18,0,0
8,18,1,5
8,18,2,4
8,18,3,4
10,19,0,0
10,19,1,1
10,19,2,3
10,19,3,8
11,19,0,0
11,19,1,9
11,19,2,0
11,19,3,0
9,19,0,0
9,19,1,11
9,19,2,0
9,19,3,0
8,19,0,0
8,19,1,3
8,19,2,3
8,19,3,3
10,20,0,0
10,20,1,7
10,20,2,0
10,20,3,0
11,20,0,0
11,20,1,0
11,20,2,0
11,20,3,0
9,20,0,0
9,20,1,0
9,20,2,4
9,20,3,7
8,20,0,0
8,20,1,8
8,20,2,11
8,20,3,10
10,17,0,0
10,17,1,0
10,17,2,0
10,17,3,0
11,17,0,0
11,17,1,0
11,17,2,0
11,17,3,0
9,17,0,0
9,17,1,1
9,17,2,0
9,17,3,0
8,17,0,0
8,17,1,6
8,17,2,5
8,17,3,6
14,15,0,-176
14,15,1,-176,64
14,15,2,-257,4336
14,15,3,-243,84
13,15,0,-176,64
13,15,1,-96
13,15,2,-181,24
13,15,3,-96
15,15,0,-96
15,15,1,-115
15,15,2,-96
15,15,3,0
14,11,0,-211,968
14,11,1,-208,28
14,11,2,-211,72
14,11,3,-115
13,11,0,-321,288
13,11,1,-330,024
13,11,2,-334,0403
13,11,3,-280
15,11,0,-195,9936
15,11,1,-181,4
15,11,2,-180,44
15,11,3,-176,64
14,12,0,-257,864
14,12,1,-258,264
14,12,2,-204,8
14,12,3,-192,6
13,12,0,-261
13,12,1,-316,4
13,12,2,-317
13,12,3,-260
15,12,0,-96
15,12,1,-193,688
15,12,2,-176,64
15,12,3,-176
14,13,0,0
14,13,1,-119,96
14,13,2,-119,04
14,13,3,-119,8
13,13,0,-195,968
13,13,1,-96
13,13,2,-196
13,13,3,-196,7696
15,13,0,-193
15,13,1,-195,84
15,13,2,-176
15,13,3,-96
14,14,0,-257,64
14,14,1,-323,3405
14,14,2,-257,44
14,14,3,-300,8256
13,14,0,-264,4173
13,14,1,-195,96
13,14,2,-264,3968
13,14,3,-214,912
15,14,0,0
15,14,1,-115
15,14,2,-119,8
15,14,3,0
9,6,0,0
9,6,1,-96
9,6,2,0
9,6,3,0
10,6,0,-115,2
10,6,1,-96
10,6,2,-180,48
10,6,3,-96
11,6,0,-96
11,6,1,-119,9616
11,6,2,0
11,6,3,-115,2
8,6,0,0
8,6,1,-96
8,6,2,-96
8,6,3,0
9,5,0,0
9,5,1,-96
9,5,2,0
9,5,3,0
10,5,0,-119,04
10,5,1,0
10,5,2,-115,2
10,5,3,-96
11,5,0,-96
11,5,1,-176,64
11,5,2,-195,9936
11,5,3,-192,768
8,5,0,-96
8,5,1,0
8,5,2,-96
8,5,3,0
9,4,0,-115,2
9,4,1,-96
9,4,2,-96
9,4,3,0
10,4,0,-192,768
10,4,1,-96
10,4,2,-96
10,4,3,-96
11,4,0,-119,04
11,4,1,-96
11,4,2,-96
11,4,3,-180,48
8,4,0,-115,2
8,4,1,-115,2
8,4,2,0
8,4,3,0
9,3,0,0
9,3,1,0
9,3,2,0
9,3,3,-96
10,3,0,-115,2
10,3,1,0
10,3,2,0
10,3,3,-115,2
11,3,0,-115,2
11,3,1,-119,04
11,3,2,0
11,3,3,0
8,3,0,0
8,3,1,0
8,3,2,0
8,3,3,0
12,5,0,-258,5703
12,5,1,-193,536
12,5,2,-244,3776
12,5,3,-257,9251
12,4,0,-115,2
12,4,1,-96
12,4,2,-96
12,4,3,-119,808
13,5,0,-96
13,5,1,-196,7739
13,5,2,-96
13,5,3,-96
13,4,0,0
13,4,1,-96
13,4,2,-119,808
13,4,3,-119,808
11,12,0,-119,96
11,12,1,-96
11,12,2,-115,2
11,12,3,0
11,11,0,-180,48
11,11,1,-96
11,11,2,-96
11,11,3,-96
12,12,0,-210,76
12,12,1,-248,2416
12,12,2,-244,3776
12,12,3,-247,5696
12,11,0,-258,5635
12,11,1,-192,768
12,11,2,-244,3776
12,11,3,-257,8176
14,16,0,-119
14,16,1,0
14,16,2,-119
14,16,3,-115,2
13,16,0,-96
13,16,1,0
13,16,2,0
13,16,3,-115
15,16,0,-180
15,16,1,-176
15,16,2,-96
15,16,3,-115
14,10,0,-176,64
14,10,1,-245,0496
14,10,2,-258,5795
14,10,3,-260,7655
13,10,0,-214,912
13,10,1,-119
13,10,2,-214,16
13,10,3,-215,1904
15,10,0,-193
15,10,1,-243,84
15,10,2,-192
15,10,3,-176,64
12,18,0,1336
12,18,1,5
12,18,2,5
12,18,3,0
12,19,0,0
12,19,1,6
12,19,2,0
12,19,3,8
13,18,0,1070
13,18,1,1339
13,18,2,1031
13,18,3,1072
13,19,0,626
13,19,1,5
13,19,2,731
13,19,3,695
14,18,0,623
14,18,1,719
14,18,2,754
14,18,3,630
14,19,0,559
14,19,1,554
14,19,2,566
14,19,3,656
15,18,0,483
15,18,1,593
15,18,2,579
15,18,3,497
15,19,0,747
15,19,1,602
15,19,2,632
15,19,3,627
16,18,0,596
16,18,1,728
16,18,2,583
16,18,3,716
16,19,0,748
16,19,1,903
16,19,2,726
16,19,3,736
17,18,0,644
17,18,1,681
17,18,2,776
17,18,3,671
17,19,0,821
17,19,1,811
17,19,2,747
17,19,3,942
18,18,0,451
18,18,1,555
18,18,2,560
18,18,3,448
18,19,0,866
18,19,1,942
18,19,2,897
18,19,3,900
19,18,0,738
19,18,1,728
19,18,2,772
19,18,3,894
19,19,0,844
19,19,1,997
19,19,2,3
19,19,3,744
20,18,0,653
20,18,1,557
20,18,2,821
20,18,3,664
20,19,0,634
20,19,1,814
20,19,2,656
20,19,3,659
14,5,0,0
14,5,1,0
14,5,2,-96
14,5,3,0
14,4,0,0
14,4,1,-115,2
14,4,2,0
14,4,3,0
15,5,0,0
15,5,1,0
15,5,2,0
15,5,3,0
16,4,0,0
16,4,1,0
16,4,2,0
16,4,3,0
14,6,0,0
14,6,1,0
14,6,2,0
14,6,3,0
15,6,0,0
15,6,1,0
15,6,2,0
15,6,3,0
14,3,0,-96
14,3,1,-119,96
14,3,2,-115,2
14,3,3,-96
15,3,0,0
15,3,1,-96
15,3,2,0
15,3,3,0
14,2,0,-119
14,2,1,-115
14,2,2,-119
14,2,3,-96
15,2,0,0
15,2,1,-119
15,2,2,-115
15,2,3,0
14,7,0,0
14,7,1,0
14,7,2,0
14,7,3,0
15,7,0,0
15,7,1,0
15,7,2,0
15,7,3,0
14,8,0,0
14,8,1,0
14,8,2,0
14,8,3,0
15,8,0,0
15,8,1,0
15,8,2,0
15,8,3,0
13,7,0,0
13,7,1,0
13,7,2,0
13,7,3,0
13,8,0,0
13,8,1,0
13,8,2,0
13,8,3,0
16,7,0,0
16,7,1,0
16,7,2,0
16,7,3,0
16,8,0,0
16,8,1,0
16,8,2,0
16,8,3,0
17,7,0,0
17,7,1,0
17,7,2,0
17,7,3,0
17,8,0,0
17,8,1,0
17,8,2,0
17,8,3,0
18,7,0,0
18,7,1,0
18,7,2,0
18,7,3,0
18,8,0,0
18,8,1,0
18,8,2,0
18,8,3,0
19,7,0,0
19,7,1,0
19,7,2,0
19,7,3,0
19,8,0,0
19,8,1,0
19,8,2,0
19,8,3,0
20,7,0,0
20,7,1,0
20,7,2,0
20,7,3,0
20,8,0,0
20,8,1,0
20,8,2,0
20,8,3,0
21,7,0,0
21,7,1,0
21,7,2,0
21,7,3,0
21,8,0,0
21,8,1,0
21,8,2,0
21,8,3,0
17,9,0,0
17,9,1,0
17,9,2,0
17,9,3,0
18,9,0,0
18,9,1,0
18,9,2,0
18,9,3,0
19,9,0,0
19,9,1,0
19,9,2,0
19,9,3,0
20,9,0,0
20,9,1,0
20,9,2,0
20,9,3,0
21,9,0,0
21,9,1,0
21,9,2,0
21,9,3,0
17,10,0,0
17,10,1,0
17,10,2,0
17,10,3,0
18,10,0,0
18,10,1,0
18,10,2,0
18,10,3,0
19,10,0,0
19,10,1,0
19,10,2,0
19,10,3,0
20,10,0,0
20,10,1,0
20,10,2,0
20,10,3,0
21,10,0,0
21,10,1,0
21,10,2,0
21,10,3,0
17,12,0,0
17,12,1,0
17,12,2,0
17,12,3,0
18,12,0,0
18,12,1,0
18,12,2,0
18,12,3,0
19,12,0,1159
19,12,1,0
19,12,2,964
19,12,3,963
20,12,0,1108
20,12,1,1165
20,12,2,974
20,12,3,958
21,12,0,537
21,12,1,630
21,12,2,635
21,12,3,525
17,13,0,0
17,13,1,0
17,13,2,0
17,13,3,0
18,13,0,0
18,13,1,0
18,13,2,0
18,13,3,0
19,13,0,761
19,13,1,0
19,13,2,758
19,13,3,762
20,13,0,978
20,13,1,781
20,13,2,924
20,13,3,897
21,13,0,581
21,13,1,558
21,13,2,699
21,13,3,563
17,14,0,0
17,14,1,0
17,14,2,0
17,14,3,1153
18,14,0,0
18,14,1,1371
18,14,2,0
18,14,3,905
19,14,0,935
19,14,1,896
19,14,2,1001
19,14,3,642
20,14,0,448
20,14,1,531
20,14,2,452
20,14,3,540
21,14,0,576
21,14,1,676
21,14,2,569
21,14,3,563
17,15,0,0
17,15,1,0
17,15,2,1372
17,15,3,879
18,15,0,1106
18,15,1,0
18,15,2,1371
18,15,3,0
19,15,0,1119
19,15,1,1061
19,15,2,1093
19,15,3,1155
20,15,0,795
20,15,1,978
20,15,2,784
20,15,3,800
21,15,0,714
21,15,1,711
21,15,2,718
21,15,3,745
17,16,0,1373
17,16,1,0
17,16,2,0
17,16,3,0
18,16,0,633
18,16,1,0
18,16,2,831
18,16,3,679
19,16,0,1374
19,16,1,1100
19,16,2,1069
19,16,3,1094
20,16,0,881
20,16,1,1114
20,16,2,1109
20,16,3,1375
21,16,0,923
21,16,1,1163
21,16,2,886
21,16,3,1063
18,17,0,840
18,17,1,675
18,17,2,675
18,17,3,680
19,17,0,876
19,17,1,743
19,17,2,706
19,17,3,886
16,5,0,0
16,5,1,0
16,5,2,0
16,5,3,0
15,4,0,0
15,4,1,0
15,4,2,0
15,4,3,0
17,4,0,0
17,4,1,0
17,4,2,0
17,4,3,0
17,5,0,0
17,5,1,0
17,5,2,0
17,5,3,0
18,4,0,0
18,4,1,0
18,4,2,0
18,4,3,0
18,5,0,0
18,5,1,0
18,5,2,0
18,5,3,0
19,4,0,0
19,4,1,0
19,4,2,0
19,4,3,10
19,5,0,10
19,5,1,0
19,5,2,0
19,5,3,0
20,4,0,0
20,4,1,10
20,4,2,0
20,4,3,0
20,5,0,6
20,5,1,0
20,5,2,0
20,5,3,10
21,4,0,7
21,4,1,10
21,4,2,0
21,4,3,0
21,5,0,6
21,5,1,0
21,5,2,0
21,5,3,10
22,4,0,7
22,4,1,7
22,4,2,6
22,4,3,9
22,5,0,0
22,5,1,0
22,5,2,9
22,5,3,0
23,4,0,0
23,4,1,6
23,4,2,6
23,4,3,7
23,5,0,0
23,5,1,0
23,5,2,9
23,5,3,0
24,4,0,0
24,4,1,0
24,4,2,0
24,4,3,0
24,5,0,0
24,5,1,5
24,5,2,0
24,5,3,9
25,4,0,0
25,4,1,0
25,4,2,-96
25,4,3,-96
25,5,0,-90
25,5,1,9
25,5,2,0
25,5,3,0
14,1,0,0
14,1,1,0
14,1,2,-96
14,1,3,-119
15,1,0,-96
15,1,1,0
15,1,2,0
15,1,3,-96
14,0,0,-96
14,0,1,-115
14,0,2,0
14,0,3,0
15,0,0,-96
15,0,1,-96
15,0,2,-115
15,0,3,0
14,-1,0,0
14,-1,1,0
14,-1,2,0
14,-1,3,0
15,-1,0,-96
15,-1,1,0
15,-1,2,-96
15,-1,3,-119
14,-2,0,0
14,-2,1,0
14,-2,2,0
14,-2,3,0
15,-2,0,0
15,-2,1,0
15,-2,2,0
15,-2,3,-96
13,1,0,-96
13,1,1,-96
13,1,2,-96
13,1,3,0
13,0,0,-96
13,0,1,-96
13,0,2,0
13,0,3,-115
13,-1,0,0
13,-1,1,0
13,-1,2,0
13,-1,3,0
13,-2,0,0
13,-2,1,0
13,-2,2,0
13,-2,3,0
12,1,0,-96
12,1,1,0
12,1,2,0
12,1,3,0
12,0,0,-96
12,0,1,-96
12,0,2,-96
12,0,3,0
12,-1,0,0
12,-1,1,-96
12,-1,2,-96
12,-1,3,-96
12,-2,0,0
12,-2,1,0
12,-2,2,0
12,-2,3,-96
11,1,0,0
11,1,1,0
11,1,2,0
11,1,3,0
11,0,0,-96
11,0,1,0
11,0,2,-96
11,0,3,0
11,-1,0,-96
11,-1,1,0
11,-1,2,0
11,-1,3,-96
11,-2,0,0
11,-2,1,0
11,-2,2,0
11,-2,3,0
10,1,0,0
10,1,1,0
10,1,2,0
10,1,3,0
10,0,0,0
10,0,1,0
10,0,2,0
10,0,3,0
10,-1,0,0
10,-1,1,0
10,-1,2,0
10,-1,3,0
10,-2,0,0
10,-2,1,0
10,-2,2,0
10,-2,3,0
9,1,0,0
9,1,1,0
9,1,2,0
9,1,3,0
9,0,0,0
9,0,1,0
9,0,2,0
9,0,3,0
9,-1,0,0
9,-1,1,0
9,-1,2,0
9,-1,3,0
9,-2,0,0
9,-2,1,0
9,-2,2,0
9,-2,3,0
8,1,0,0
8,1,1,0
8,1,2,0
8,1,3,0
8,0,0,0
8,0,1,0
8,0,2,0
8,0,3,0
8,-1,0,0
8,-1,1,0
8,-1,2,0
8,-1,3,0
8,-2,0,0
8,-2,1,0
8,-2,2,0
8,-2,3,0
16,1,0,-96
16,1,1,0
16,1,2,-96
16,1,3,0
16,0,0,-115
16,0,1,0
16,0,2,-115
16,0,3,0
16,-1,0,-96
16,-1,1,-115
16,-1,2,0
16,-1,3,0
16,-2,0,0
16,-2,1,0
16,-2,2,0
16,-2,3,0
17,1,0,-180
17,1,1,-96
17,1,2,-96
17,1,3,-96
17,0,0,-119
17,0,1,-115
17,0,2,-96
17,0,3,-176
17,-1,0,-96
17,-1,1,0
17,-1,2,-115
17,-1,3,-119
17,-2,0,-119
17,-2,1,0
17,-2,2,-115
17,-2,3,-115
18,1,0,-176
18,1,1,-115
18,1,2,-176
18,1,3,-119
18,0,0,-96
18,0,1,0
18,0,2,-96
18,0,3,-119
18,-1,0,-119
18,-1,1,-119
18,-1,2,-119
18,-1,3,0
18,-2,0,-176
18,-2,1,-257
18,-2,2,-244
18,-2,3,-195
19,1,0,-96
19,1,1,0
19,1,2,-119
19,1,3,-96
19,0,0,-115
19,0,1,0
19,0,2,-119
19,0,3,-115
19,-1,0,-119
19,-1,1,-196
19,-1,2,-181
19,-1,3,-96
19,-2,0,-96
19,-2,1,-96
19,-2,2,-180
19,-2,3,-181
20,1,0,0
20,1,1,0
20,1,2,-115
20,1,3,0
20,0,0,0
20,0,1,-119
20,0,2,-115
20,0,3,-96
20,-1,0,-115
20,-1,1,-119
20,-1,2,-115
20,-1,3,0
20,-2,0,-96
20,-2,1,0
20,-2,2,-96
20,-2,3,-115
21,1,0,0
21,1,1,0
21,1,2,0
21,1,3,0
21,0,0,-96
21,0,1,-119
21,0,2,-96
21,0,3,0
21,-1,0,-119
21,-1,1,0
21,-1,2,0
21,-1,3,-119
21,-2,0,0
21,-2,1,0
21,-2,2,-96
21,-2,3,-96
22,1,0,0
22,1,1,0
22,1,2,0
22,1,3,0
22,0,0,0
22,0,1,-115
22,0,2,-96
22,0,3,0
22,-1,0,-96
22,-1,1,-115
22,-1,2,-96
22,-1,3,-176
22,-2,0,-96
22,-2,1,0
22,-2,2,-96
22,-2,3,-115
23,1,0,0
23,1,1,0
23,1,2,0
23,1,3,0
23,0,0,0
23,0,1,0
23,0,2,0
23,0,3,0
23,-1,0,-96
23,-1,1,0
23,-1,2,-115
23,-1,3,0
23,-2,0,-115
23,-2,1,-115
23,-2,2,0
23,-2,3,0
24,1,0,0
24,1,1,0
24,1,2,0
24,1,3,0
24,0,0,0
24,0,1,0
24,0,2,0
24,0,3,0
24,-1,0,-115
24,-1,1,-115
24,-1,2,-96
24,-1,3,0
24,-2,0,-96
24,-2,1,-96
24,-2,2,-96
24,-2,3,-176
21,18,0,993
21,18,1,803
21,18,2,875
21,18,3,776
21,19,0,627
21,19,1,770
21,19,2,695
21,19,3,693
22,18,0,654
22,18,1,164
22,18,2,700
22,18,3,696
22,19,0,636
22,19,1,676
22,19,2,682
22,19,3,784
23,18,0,982
23,18,1,677
23,18,2,901
23,18,3,785
23,19,0,643
23,19,1,800
23,19,2,548
23,19,3,658
24,18,0,774
24,18,1,880
24,18,2,796
24,18,3,954
24,19,0,733
24,19,1,764
24,19,2,637
24,19,3,651
26,4,0,295
26,4,1,196
26,4,2,287,88
26,4,3,235,68
26,5,0,-89
26,5,1,5
26,5,2,-110,8
26,5,3,-92
27,4,0,248,92
27,4,1,290,4
27,4,2,257,4
27,4,3,198,4
27,5,0,500,4
27,5,1,520
27,5,2,454
27,5,3,0
28,4,0,366,3731
28,4,1,347,1815
28,4,2,566,208
28,4,3,430,8816
28,5,0,554
28,5,1,311,76
28,5,2,326,392
28,5,3,502,92
29,4,0,0
29,4,1,391,1296
29,4,2,593,64
29,4,3,509,24
29,5,0,471,68
29,5,1,645
29,5,2,887
29,5,3,0
30,4,0,916
30,4,1,490,24
30,4,2,408
30,4,3,329
30,5,0,960
30,5,1,715
30,5,2,518,4
30,5,3,0
31,4,0,0
31,4,1,0
31,4,2,0
31,4,3,1131
31,5,0,730
31,5,1,714
31,5,2,0
31,5,3,788
26,6,0,-90
26,6,1,0
26,6,2,8
26,6,3,0
27,6,0,395
27,6,1,0
27,6,2,729
27,6,3,253
28,6,0,972
28,6,1,400
28,6,2,578,08
28,6,3,635
29,6,0,0
29,6,1,0
29,6,2,1051
29,6,3,0
30,6,0,0
30,6,1,0
30,6,2,1137
30,6,3,0
31,6,0,752
31,6,1,0
31,6,2,950
31,6,3,785
26,7,0,1128
26,7,1,0
26,7,2,5
26,7,3,8
27,7,0,257
27,7,1,4
27,7,2,611
27,7,3,710
28,7,0,652
28,7,1,832
28,7,2,218
28,7,3,601
29,7,0,537
29,7,1,535
29,7,2,0
29,7,3,708
30,7,0,0
30,7,1,1056
30,7,2,678
30,7,3,690
31,7,0,601
31,7,1,600
31,7,2,770
31,7,3,800
26,8,0,895
26,8,1,7
26,8,2,1128
26,8,3,867
27,8,0,447
27,8,1,671
27,8,2,430
27,8,3,430
28,8,0,699
28,8,1,0
28,8,2,677
28,8,3,633
29,8,0,996
29,8,1,780
29,8,2,795
29,8,3,640
30,8,0,576
30,8,1,448
30,8,2,419
30,8,3,462
31,8,0,690
31,8,1,701
31,8,2,721
31,8,3,858
26,3,0,41,92
26,3,1,173
26,3,2,113
26,3,3,124
27,3,0,47,3616
27,3,1,104
27,3,2,-30,05248
27,3,3,-15,04
28,3,0,240,84
28,3,1,96,2816
28,3,2,198
28,3,3,80,2656
29,3,0,670
29,3,1,702
29,3,2,441,88
29,3,3,487,48
30,3,0,261
30,3,1,543
30,3,2,673,752
30,3,3,999
31,3,0,247,56
31,3,1,156,672
31,3,2,354
31,3,3,0
26,2,0,111
26,2,1,247
26,2,2,105
26,2,3,79
27,2,0,1,704001
27,2,1,90
27,2,2,132
27,2,3,38,9952
28,2,0,169
28,2,1,15,152
28,2,2,21,032
28,2,3,42,96
29,2,0,89
29,2,1,111,24
29,2,2,95
29,2,3,261
30,2,0,-31,768
30,2,1,105
30,2,2,-4,800001
30,2,3,110
31,2,0,232
31,2,1,109
31,2,2,70,88
31,2,3,74,944
26,1,0,201
26,1,1,45
26,1,2,44
26,1,3,63
27,1,0,162
27,1,1,78
27,1,2,135
27,1,3,194
28,1,0,61,92
28,1,1,156
28,1,2,47,2
28,1,3,76,2
29,1,0,97,2
29,1,1,72,4
29,1,2,-6,399999
29,1,3,140
30,1,0,-2,76
30,1,1,116
30,1,2,98
30,1,3,-25,432
31,1,0,204,72
31,1,1,164,92
31,1,2,167,12
31,1,3,133
26,0,0,48
26,0,1,0
26,0,2,182
26,0,3,136
27,0,0,316
27,0,1,162
27,0,2,139
27,0,3,133
28,0,0,27,096
28,0,1,70
28,0,2,34
28,0,3,182
29,0,0,1,886401
29,0,1,125,76
29,0,2,94
29,0,3,-15,13632
30,0,0,-55,68
30,0,1,-62
30,0,2,35
30,0,3,-77
31,0,0,118
31,0,1,114
31,0,2,74,12
31,0,3,95,52
26,-1,0,110
26,-1,1,-8
26,-1,2,-6
26,-1,3,-25
27,-1,0,207
27,-1,1,127
27,-1,2,290
27,-1,3,194
28,-1,0,40
28,-1,1,193
28,-1,2,28
28,-1,3,36
29,-1,0,170
29,-1,1,137
29,-1,2,218
29,-1,3,131,64
30,-1,0,34,2
30,-1,1,34,2
30,-1,2,170
30,-1,3,20
31,-1,0,174
31,-1,1,92,59777
31,-1,2,259,32
31,-1,3,242
26,-2,0,110
26,-2,1,276
26,-2,2,255
26,-2,3,113
27,-2,0,191
27,-2,1,215
27,-2,2,203
27,-2,3,380
28,-2,0,293
28,-2,1,91
28,-2,2,0
28,-2,3,118
29,-2,0,0
29,-2,1,261
29,-2,2,120
29,-2,3,187
30,-2,0,162
30,-2,1,134
30,-2,2,289
30,-2,3,0
31,-2,0,140
31,-2,1,319
31,-2,2,140
31,-2,3,137,76
28,9,0,816
28,9,1,602
28,9,2,646
28,9,3,0
29,9,0,890
29,9,1,712
29,9,2,0
29,9,3,721
28,10,0,0
28,10,1,0
28,10,2,883
28,10,3,5
29,10,0,596
29,10,1,880
29,10,2,642
29,10,3,699
28,11,0,0
28,11,1,0
28,11,2,5
28,11,3,0
29,11,0,626
29,11,1,3
29,11,2,978
29,11,3,628
28,12,0,1164
28,12,1,0
28,12,2,0
28,12,3,648,96
29,12,0,817,92
29,12,1,566,6688
29,12,2,395
29,12,3,697
28,13,0,5
28,13,1,178,68
28,13,2,272
28,13,3,130,28
29,13,0,693
29,13,1,693
29,13,2,693,72
29,13,3,1233
27,10,0,0
27,10,1,0
27,10,2,0
27,10,3,0
27,11,0,0
27,11,1,0
27,11,2,0
27,11,3,0
27,12,0,0
27,12,1,0
27,12,2,0
27,12,3,0
26,10,0,0
26,10,1,0
26,10,2,0
26,10,3,0
26,11,0,0
26,11,1,0
26,11,2,0
26,11,3,0
26,12,0,0
26,12,1,0
26,12,2,0
26,12,3,0
25,10,0,0
25,10,1,0
25,10,2,0
25,10,3,0
25,11,0,0
25,11,1,0
25,11,2,0
25,11,3,0
25,12,0,0
25,12,1,0
25,12,2,0
25,12,3,0
30,10,0,852
30,10,1,932
30,10,2,954
30,10,3,715
30,11,0,618
30,11,1,619
30,11,2,966
30,11,3,694
31,10,0,866
31,10,1,714
31,10,2,0
31,10,3,624
31,11,0,711
31,11,1,787
31,11,2,1002
31,11,3,750
32,10,0,632
32,10,1,770
32,10,2,0
32,10,3,643
32,11,0,814
32,11,1,810
32,11,2,996
32,11,3,882
33,10,0,652
33,10,1,667
33,10,2,652
33,10,3,683
33,11,0,676
33,11,1,602
33,11,2,597
33,11,3,597
34,10,0,507
34,10,1,489
34,10,2,479
34,10,3,598
34,11,0,653
34,11,1,545
34,11,2,624
34,11,3,544
35,10,0,878
35,10,1,682
35,10,2,752
35,10,3,709
35,11,0,829
35,11,1,666
35,11,2,679
35,11,3,663
36,10,0,0
36,10,1,926
36,10,2,745
36,10,3,737
36,11,0,779
36,11,1,627
36,11,2,0
36,11,3,635
37,10,0,0
37,10,1,983
37,10,2,0
37,10,3,0
37,11,0,1102
37,11,1,705
37,11,2,903
37,11,3,0
34,9,0,756
34,9,1,704
34,9,2,874
34,9,3,717
35,9,0,0
35,9,1,798
35,9,2,749
35,9,3,804
34,8,0,896
34,8,1,923
34,8,2,1166
34,8,3,932
35,8,0,858
35,8,1,745
35,8,2,767
35,8,3,928
34,7,0,658
34,7,1,584
34,7,2,0
34,7,3,529
35,7,0,749
35,7,1,741
35,7,2,739
35,7,3,927
34,6,0,1098
34,6,1,0
34,6,2,0
34,6,3,0
35,6,0,845
35,6,1,1098
35,6,2,878
35,6,3,885
34,5,0,1177
34,5,1,0
34,5,2,0
34,5,3,0
35,5,0,706
35,5,1,0
35,5,2,638
35,5,3,594
34,4,0,1096
34,4,1,0
34,4,2,778
34,4,3,705
35,4,0,0
35,4,1,777
35,4,2,0
35,4,3,1097
34,3,0,0
34,3,1,287
34,3,2,828
34,3,3,648
35,3,0,346
35,3,1,226
35,3,2,221
35,3,3,0
34,2,0,296
34,2,1,237
34,2,2,574
34,2,3,592
35,2,0,0
35,2,1,806
35,2,2,272
35,2,3,278
34,1,0,1037
34,1,1,0
34,1,2,567,68
34,1,3,268
35,1,0,792
35,1,1,269
35,1,2,0
35,1,3,571
34,0,0,-96
34,0,1,0
34,0,2,0
34,0,3,0
35,0,0,0
35,0,1,0
35,0,2,-96
35,0,3,0
34,-1,0,0
34,-1,1,0
34,-1,2,0
34,-1,3,0
35,-1,0,0
35,-1,1,0
35,-1,2,0
35,-1,3,0
34,-2,0,0
34,-2,1,0
34,-2,2,0
34,-2,3,0
35,-2,0,0
35,-2,1,0
35,-2,2,0
35,-2,3,0
33,-1,0,0
33,-1,1,0
33,-1,2,0
33,-1,3,0
33,-2,0,0
33,-2,1,0
33,-2,2,0
33,-2,3,0
36,-1,0,0
36,-1,1,0
36,-1,2,0
36,-1,3,0
36,-2,0,0
36,-2,1,0
36,-2,2,0
36,-2,3,0
37,-1,0,0
37,-1,1,0
37,-1,2,0
37,-1,3,0
37,-2,0,0
37,-2,1,0
37,-2,2,0
37,-2,3,0
33,2,0,227
33,2,1,271
33,2,2,257
33,2,3,253
33,1,0,108,16
33,1,1,0
33,1,2,0
33,1,3,319
32,2,0,274
32,2,1,334
32,2,2,0
32,2,3,227
32,1,0,174,76
32,1,1,0
32,1,2,344
32,1,3,317
36,2,0,522
36,2,1,412
36,2,2,525
36,2,3,644
36,1,0,302
36,1,1,601
36,1,2,390
36,1,3,367
37,2,0,387
37,2,1,361
37,2,2,460
37,2,3,322
37,1,0,274
37,1,1,272
37,1,2,224
37,1,3,393
38,2,0,263
38,2,1,256
38,2,2,316
38,2,3,285
38,1,0,355
38,1,1,249
38,1,2,219
38,1,3,201
33,8,0,653
33,8,1,692
33,8,2,762
33,8,3,0
33,7,0,933
33,7,1,928
33,7,2,0
33,7,3,824
33,6,0,0
33,6,1,0
33,6,2,0
33,6,3,0
33,5,0,0
33,5,1,0
33,5,2,0
33,5,3,0
33,4,0,0
33,4,1,0
33,4,2,0
33,4,3,0
36,8,0,0
36,8,1,845
36,8,2,0
36,8,3,746
36,7,0,900
36,7,1,785
36,7,2,985
36,7,3,636
36,6,0,704
36,6,1,743
36,6,2,751
36,6,3,901
36,5,0,775
36,5,1,778
36,5,2,0
36,5,3,619
36,4,0,0
36,4,1,0
36,4,2,0
36,4,3,1171
37,8,0,0
37,8,1,0
37,8,2,0
37,8,3,0
37,7,0,0
37,7,1,1178
37,7,2,755
37,7,3,0
37,6,0,0
37,6,1,838
37,6,2,0
37,6,3,0
37,5,0,0
37,5,1,0
37,5,2,1170
37,5,3,0
37,4,0,826
37,4,1,528
37,4,2,0
37,4,3,0
28,14,0,162,9424
28,14,1,185,76
28,14,2,354
28,14,3,138,56
29,14,0,917
29,14,1,604,816
29,14,2,589,08
29,14,3,613,5911
28,15,0,1153
28,15,1,264
28,15,2,771,304
28,15,3,802,304
29,15,0,549,896
29,15,1,406,8912
29,15,2,380,5152
29,15,3,25
28,16,0,673
28,16,1,674,04
28,16,2,640
28,16,3,736,44
29,16,0,150
29,16,1,306
29,16,2,121,04
29,16,3,141
28,17,0,523,712
28,17,1,495,112
28,17,2,618
28,17,3,794
29,17,0,633,84
29,17,1,480,64
29,17,2,602,04
29,17,3,901
28,18,0,933
28,18,1,649,92
28,18,2,651,92
28,18,3,627
29,18,0,607
29,18,1,623
29,18,2,423,32
29,18,3,417
28,19,0,202,76
28,19,1,189
28,19,2,374
28,19,3,192
29,19,0,296,44
29,19,1,295
29,19,2,262,64
29,19,3,476
28,20,0,612
28,20,1,406
28,20,2,516
28,20,3,426
29,20,0,900
29,20,1,686
29,20,2,628
29,20,3,775
28,21,0,505
28,21,1,501
28,21,2,485
28,21,3,748
29,21,0,607
29,21,1,514
29,21,2,192
29,21,3,584
28,22,0,584
28,22,1,579
28,22,2,722
28,22,3,522
29,22,0,547
29,22,1,658
29,22,2,527
29,22,3,531
28,23,0,141
28,23,1,611
28,23,2,743
28,23,3,181
29,23,0,624
29,23,1,663
29,23,2,585
29,23,3,753
27,14,0,246
27,14,1,25
27,14,2,104,84
27,14,3,77,44
27,15,0,57,72
27,15,1,28,92
27,15,2,2
27,15,3,55,92
27,16,0,201
27,16,1,40,24
27,16,2,68,24
27,16,3,104,76
27,17,0,728,744
27,17,1,583,52
27,17,2,894
27,17,3,792,72
27,18,0,522,6096
27,18,1,673
27,18,2,683,24
27,18,3,720
27,19,0,372
27,19,1,396
27,19,2,368
27,19,3,603
27,20,0,391
27,20,1,405
27,20,2,371
27,20,3,518
27,21,0,511
27,21,1,517
27,21,2,403
27,21,3,713
27,22,0,355
27,22,1,502
27,22,2,311
27,22,3,502
27,23,0,817
27,23,1,697
27,23,2,682
27,23,3,851
26,14,0,98
26,14,1,39
26,14,2,207
26,14,3,129,96
26,15,0,84,88
26,15,1,217
26,15,2,62,88
26,15,3,56,696
26,16,0,-65,84
26,16,1,-87,008
26,16,2,11
26,16,3,39
26,17,0,920
26,17,1,260
26,17,2,743
26,17,3,1002,72
26,18,0,545,44
26,18,1,836
26,18,2,554
26,18,3,790
26,19,0,779
26,19,1,862
26,19,2,822
26,19,3,779
26,20,0,370
26,20,1,503
26,20,2,323
26,20,3,345
26,21,0,517
26,21,1,389
26,21,2,413
26,21,3,609
26,22,0,285
26,22,1,426
26,22,2,489
26,22,3,410
26,23,0,608
26,23,1,622
26,23,2,486
26,23,3,574
25,14,0,263
25,14,1,204
25,14,2,174
25,14,3,202
25,15,0,36,96
25,15,1,61,2
25,15,2,195
25,15,3,0
25,16,0,182
25,16,1,32
25,16,2,26,776
25,16,3,27,08
25,17,0,241
25,17,1,672
25,17,2,602,16
25,17,3,879
25,18,0,773
25,18,1,738
25,18,2,749
25,18,3,529
25,19,0,1096
25,19,1,898
25,19,2,1027
25,19,3,775
25,20,0,541
25,20,1,418
25,20,2,527
25,20,3,316
25,21,0,254
25,21,1,265
25,21,2,274
25,21,3,441
25,22,0,356
25,22,1,339
25,22,2,449
25,22,3,521
25,23,0,684
25,23,1,676
25,23,2,668
25,23,3,670
30,14,0,656,648
30,14,1,696,888
30,14,2,993
30,14,3,41
30,15,0,928
30,15,1,607,52
30,15,2,617,6048
30,15,3,728
30,16,0,686
30,16,1,265
30,16,2,1005
30,16,3,745
30,17,0,672
30,17,1,204
30,17,2,494,9312
30,17,3,712,08
30,18,0,765
30,18,1,770
30,18,2,767,12
30,18,3,1108
30,19,0,252
30,19,1,529,44
30,19,2,801
30,19,3,784
30,20,0,1072
30,20,1,859
30,20,2,838
30,20,3,860
30,21,0,429
30,21,1,129
30,21,2,760
30,21,3,621
30,22,0,596
30,22,1,586
30,22,2,155
30,22,3,596
30,23,0,557
30,23,1,589
30,23,2,577
30,23,3,584
31,14,0,670,08
31,14,1,340,8512
31,14,2,425,5755
31,14,3,415,2315
31,15,0,714,6
31,15,1,528,312
31,15,2,781,8
31,15,3,251
31,16,0,218
31,16,1,191
31,16,2,60,72
31,16,3,55
31,17,0,320
31,17,1,339
31,17,2,320
31,17,3,230
31,18,0,375
31,18,1,453
31,18,2,213
31,18,3,314
31,19,0,536
31,19,1,755
31,19,2,570
31,19,3,808
31,20,0,457
31,20,1,822
31,20,2,167
31,20,3,151
31,21,0,190
31,21,1,68
31,21,2,41
31,21,3,204
31,22,0,70
31,22,1,794
31,22,2,684
31,22,3,737
31,23,0,16
31,23,1,651
31,23,2,662
31,23,3,771
33,14,0,670
33,14,1,370,4
33,14,2,633
33,14,3,404,2
33,15,0,765
33,15,1,861
33,15,2,508,24
33,15,3,639
33,16,0,326
33,16,1,896
33,16,2,23
33,16,3,822
33,17,0,362
33,17,1,351
33,17,2,585
33,17,3,563
33,18,0,844
33,18,1,0
33,18,2,912
33,18,3,972
33,19,0,1057
33,19,1,117
33,19,2,1360
33,19,3,1065
33,20,0,954
33,20,1,210
33,20,2,653
33,20,3,887
33,21,0,1291
33,21,1,869
33,21,2,887
33,21,3,38
33,22,0,84
33,22,1,72
33,22,2,86
33,22,3,1400
33,23,0,904
33,23,1,165
33,23,2,1386
33,23,3,83
32,14,0,643,0784
32,14,1,658,7904
32,14,2,0
32,14,3,774
32,15,0,1149
32,15,1,12
32,15,2,797,16
32,15,3,799
32,16,0,587
32,16,1,664
32,16,2,0
32,16,3,728
32,17,0,461
32,17,1,443
32,17,2,504
32,17,3,361
32,18,0,231
32,18,1,71
32,18,2,70
32,18,3,204
32,19,0,860
32,19,1,616
32,19,2,496
32,19,3,597
32,20,0,235
32,20,1,119
32,20,2,179
32,20,3,76
32,21,0,128
32,21,1,5
32,21,2,82
32,21,3,127
32,22,0,98
32,22,1,74
32,22,2,63
32,22,3,128
32,23,0,120
32,23,1,97
32,23,2,121
32,23,3,149
34,14,0,195
34,14,1,898
34,14,2,4
34,14,3,804
34,15,0,871
34,15,1,848
34,15,2,173
34,15,3,749
34,16,0,822
34,16,1,727
34,16,2,461
34,16,3,734
34,17,0,803
34,17,1,546
34,17,2,528
34,17,3,667
34,18,0,88
34,18,1,856
34,18,2,777
34,18,3,892
34,19,0,660
34,19,1,642
34,19,2,620
34,19,3,659
34,20,0,657
34,20,1,637
34,20,2,656
34,20,3,751
34,21,0,847
34,21,1,760
34,21,2,847
34,21,3,1092
34,22,0,923
34,22,1,99
34,22,2,1187
34,22,3,907
34,23,0,144
34,23,1,1434
34,23,2,938
34,23,3,8
35,18,0,783
35,18,1,782
35,18,2,1201
35,18,3,56
35,19,0,1001
35,19,1,1108
35,19,2,932
35,19,3,1216
36,18,0,608
36,18,1,930
36,18,2,749
36,18,3,748
36,19,0,640
36,19,1,785
36,19,2,723
36,19,3,622
37,18,0,77
37,18,1,72
37,18,2,66
37,18,3,1452
37,19,0,818
37,19,1,1019
37,19,2,65
37,19,3,25
38,18,0,65
38,18,1,63
38,18,2,24
38,18,3,1223
38,19,0,711
38,19,1,782
38,19,2,805
38,19,3,859
39,18,0,72
39,18,1,91
39,18,2,66
39,18,3,29
39,19,0,1129
39,19,1,1464
39,19,2,949
39,19,3,1136
40,18,0,74
40,18,1,74
40,18,2,0
40,18,3,69
40,19,0,1140
40,19,1,1244
40,19,2,52
40,19,3,1193
41,18,0,82
41,18,1,68
41,18,2,66
41,18,3,0
41,19,0,1516
41,19,1,994
41,19,2,84
41,19,3,37
42,18,0,1514
42,18,1,72
42,18,2,34
42,18,3,101
42,19,0,1472
42,19,1,59
42,19,2,978
42,19,3,73
43,18,0,1507
43,18,1,56
43,18,2,982
43,18,3,87
43,19,0,71
43,19,1,52
43,19,2,34
43,19,3,1461
44,18,0,1255
44,18,1,822
44,18,2,0
44,18,3,0
44,19,0,942
44,19,1,63
44,19,2,1459
44,19,3,0
45,18,0,959
45,18,1,667
45,18,2,1042
45,18,3,993
45,19,0,966
45,19,1,967
45,19,2,1276
45,19,3,968
46,18,0,0
46,18,1,1188
46,18,2,0
46,18,3,1495
46,19,0,0
46,19,1,1479
46,19,2,947
46,19,3,965
41,21,0,971
41,21,1,971
41,21,2,973
41,21,3,1517
42,21,0,971
42,21,1,880
42,21,2,816
42,21,3,1071
43,21,0,0
43,21,1,1274
43,21,2,0
43,21,3,1165
44,21,0,1516
44,21,1,970
44,21,2,0
44,21,3,971
45,21,0,0
45,21,1,1516
45,21,2,0
45,21,3,0
46,21,0,1514
46,21,1,0
46,21,2,969
46,21,3,969
42,20,0,0
42,20,1,0
42,20,2,972
42,20,3,1502
43,20,0,1500
43,20,1,0
43,20,2,0
43,20,3,0
45,20,0,965
45,20,1,1251
45,20,2,0
45,20,3,0
46,20,0,965
46,20,1,959
46,20,2,1482
46,20,3,951
41,20,0,1556
41,20,1,57
41,20,2,36
41,20,3,0
44,20,0,1471
44,20,1,0
44,20,2,958
44,20,3,955
44,17,0,1254
44,17,1,0
44,17,2,821
44,17,3,0
45,17,0,943
45,17,1,1238
45,17,2,955
45,17,3,999
46,17,0,972
46,17,1,963
46,17,2,1266
46,17,3,810
41,17,0,87
41,17,1,34
41,17,2,70
41,17,3,34
42,17,0,61
42,17,1,34
42,17,2,34
42,17,3,88
43,17,0,1514
43,17,1,34
43,17,2,74
43,17,3,69
41,16,0,58
41,16,1,73
41,16,2,63
41,16,3,62
42,16,0,69
42,16,1,69
42,16,2,65
42,16,3,85
43,16,0,57
43,16,1,67
43,16,2,70
43,16,3,53
44,16,0,0
44,16,1,55
44,16,2,1490
44,16,3,47
45,16,0,955
45,16,1,0
45,16,2,956
45,16,3,1493
46,16,0,1155
46,16,1,0
46,16,2,1504
46,16,3,1194
44,15,0,555
44,15,1,69
44,15,2,919
44,15,3,88
43,15,0,1298
43,15,1,548
43,15,2,71
43,15,3,71
43,14,0,369
43,14,1,378
43,14,2,390
43,14,3,1172
44,14,0,775
44,14,1,1210
44,14,2,864
44,14,3,860
44,13,0,360
44,13,1,1195
44,13,2,854
44,13,3,291
43,13,0,258
43,13,1,341
43,13,2,1136
43,13,3,317
45,14,0,248
45,14,1,793
45,14,2,370
45,14,3,1149
45,13,0,292
45,13,1,240
45,13,2,240
45,13,3,267
42,14,0,357
42,14,1,384
42,14,2,432
42,14,3,357
42,13,0,358
42,13,1,358
42,13,2,377
42,13,3,354
41,14,0,217
41,14,1,260
41,14,2,253
41,14,3,314
41,13,0,217
41,13,1,269
41,13,2,224
41,13,3,218
40,14,0,221
40,14,1,239
40,14,2,246
40,14,3,269
40,13,0,347
40,13,1,419
40,13,2,354
40,13,3,336
39,14,0,285
39,14,1,321
39,14,2,310
39,14,3,334
39,13,0,353
39,13,1,408
39,13,2,423
39,13,3,385
38,14,0,343
38,14,1,355
38,14,2,363
38,14,3,427
38,13,0,286
38,13,1,291
38,13,2,355
38,13,3,351
37,14,0,349
37,14,1,400
37,14,2,399
37,14,3,357
37,13,0,393
37,13,1,463
37,13,2,385
37,13,3,407
36,14,0,307
36,14,1,280
36,14,2,279
36,14,3,0
36,13,0,422
36,13,1,484
36,13,2,512
36,13,3,0
39,15,0,394
39,15,1,592
39,15,2,476
39,15,3,407
38,15,0,506
38,15,1,0
38,15,2,477
38,15,3,394
37,15,0,350
37,15,1,380
37,15,2,500
37,15,3,402
36,15,0,0
36,15,1,0
36,15,2,0
36,15,3,596
39,16,0,507
39,16,1,406
39,16,2,635
39,16,3,504
38,16,0,389
38,16,1,389
38,16,2,511
38,16,3,486
37,16,0,394
37,16,1,0
37,16,2,501
37,16,3,0
36,16,0,320
36,16,1,320
36,16,2,0
36,16,3,501
43,12,0,311
43,12,1,1086
43,12,2,749
43,12,3,318
44,12,0,963
44,12,1,409
44,12,2,891
44,12,3,1232
43,11,0,986
43,11,1,291
43,11,2,346
43,11,3,303
44,11,0,664
44,11,1,0
44,11,2,680
44,11,3,1036
43,10,0,490
43,10,1,448
43,10,2,580
43,10,3,477
44,10,0,543
44,10,1,492
44,10,2,982
44,10,3,0
44,9,0,743
44,9,1,668
44,9,2,850
44,9,3,397
43,9,0,275
43,9,1,540
43,9,2,670
43,9,3,238
44,8,0,1069
44,8,1,870
44,8,2,879
44,8,3,847
43,8,0,319
43,8,1,499
43,8,2,687
43,8,3,554
43,7,0,476
43,7,1,399
43,7,2,665
43,7,3,397
44,7,0,565
44,7,1,707
44,7,2,470
44,7,3,572
45,11,0,669
45,11,1,1045
45,11,2,0
45,11,3,970
45,10,0,0
45,10,1,1295
45,10,2,0
45,10,3,1045
46,11,0,0
46,11,1,0
46,11,2,1532
46,11,3,0
46,10,0,1287
46,10,1,829
46,10,2,981
46,10,3,0
47,11,0,0
47,11,1,0
47,11,2,1538
47,11,3,0
47,10,0,0
47,10,1,1288
47,10,2,981
47,10,3,985
48,11,0,0
48,11,1,0
48,11,2,0
48,11,3,0
48,10,0,0
48,10,1,0
48,10,2,0
48,10,3,0
49,11,0,0
49,11,1,0
49,11,2,0
49,11,3,0
49,10,0,0
49,10,1,0
49,10,2,0
49,10,3,0
50,11,0,0
50,11,1,0
50,11,2,0
50,11,3,0
50,10,0,0
50,10,1,0
50,10,2,0
50,10,3,0
47,12,0,0
47,12,1,0
47,12,2,0
47,12,3,0
48,12,0,0
48,12,1,0
48,12,2,0
48,12,3,0
49,12,0,0
49,12,1,0
49,12,2,0
49,12,3,0
50,12,0,0
50,12,1,0
50,12,2,0
50,12,3,0
47,13,0,0
47,13,1,0
47,13,2,0
47,13,3,0
48,13,0,0
48,13,1,0
48,13,2,0
48,13,3,0
49,13,0,0
49,13,1,0
49,13,2,0
49,13,3,0
50,13,0,0
50,13,1,0
50,13,2,0
50,13,3,0
47,14,0,0
47,14,1,0
47,14,2,0
47,14,3,0
48,14,0,0
48,14,1,0
48,14,2,0
48,14,3,0
49,14,0,0
49,14,1,0
49,14,2,0
49,14,3,0
50,14,0,0
50,14,1,0
50,14,2,0
50,14,3,0
47,9,0,0
47,9,1,1082
47,9,2,692
47,9,3,696
48,9,0,0
48,9,1,1537
48,9,2,0
48,9,3,0
49,9,0,0
49,9,1,0
49,9,2,0
49,9,3,0
50,9,0,0
50,9,1,0
50,9,2,0
50,9,3,0
47,8,0,1289
47,8,1,0
47,8,2,0
47,8,3,0
48,8,0,0
48,8,1,1534
48,8,2,982
48,8,3,983
49,8,0,0
49,8,1,1536
49,8,2,0
49,8,3,0
50,8,0,0
50,8,1,0
50,8,2,0
50,8,3,0
47,7,0,1535
47,7,1,0
47,7,2,0
47,7,3,0
48,7,0,983
48,7,1,1535
48,7,2,0
48,7,3,0
49,7,0,0
49,7,1,0
49,7,2,0
49,7,3,1536
50,7,0,0
50,7,1,0
50,7,2,0
50,7,3,0
42,9,0,541
42,9,1,423
42,9,2,442
42,9,3,449
42,8,0,560
42,8,1,236
42,8,2,802
42,8,3,572
41,9,0,754
41,9,1,526
41,9,2,527
41,9,3,526
41,8,0,206
41,8,1,195
41,8,2,764
41,8,3,537
40,9,0,134
40,9,1,708
40,9,2,479
40,9,3,481
40,8,0,170
40,8,1,142
40,8,2,709
40,8,3,142
39,9,0,714
39,9,1,173
39,9,2,164
39,9,3,173
39,8,0,102
39,8,1,124
39,8,2,107
39,8,3,102
41,7,0,754
41,7,1,181
41,7,2,179
41,7,3,517
40,7,0,189
40,7,1,253
40,7,2,213
40,7,3,774
41,6,0,245
41,6,1,237
41,6,2,296
41,6,3,232
40,6,0,239
40,6,1,189
40,6,2,217
40,6,3,193
41,5,0,213
41,5,1,240
41,5,2,223
41,5,3,267
40,5,0,130
40,5,1,112
40,5,2,106
40,5,3,123
41,4,0,111
41,4,1,129
41,4,2,112
41,4,3,165
40,4,0,128
40,4,1,167
40,4,2,143
40,4,3,179
41,3,0,359
41,3,1,321
41,3,2,334
41,3,3,297
40,3,0,316
40,3,1,298
40,3,2,447
40,3,3,306
41,2,0,251
41,2,1,239
41,2,2,254
41,2,3,228
40,2,0,203
40,2,1,342
40,2,2,210
40,2,3,245
41,1,0,173
41,1,1,200
41,1,2,182
41,1,3,173
40,1,0,233
40,1,1,207
40,1,2,284
40,1,3,202
41,0,0,275
41,0,1,251
41,0,2,260
41,0,3,282
40,0,0,269
40,0,1,309
40,0,2,292
40,0,3,402
39,3,0,217
39,3,1,207
39,3,2,249
39,3,3,207
39,2,0,272
39,2,1,295
39,2,2,372
39,2,3,273
39,1,0,336
39,1,1,323
39,1,2,417
39,1,3,325
39,0,0,246
39,0,1,372
39,0,2,294
39,0,3,297
42,3,0,467
42,3,1,299
42,3,2,403
42,3,3,338
42,2,0,281
42,2,1,282
42,2,2,397
42,2,3,351
42,1,0,187
42,1,1,188
42,1,2,220
42,1,3,174
42,0,0,257
42,0,1,231
42,0,2,244
42,0,3,289
43,6,0,667
43,6,1,714
43,6,2,484
43,6,3,500
43,5,0,502
43,5,1,548
43,5,2,568
43,5,3,560
44,6,0,367
44,6,1,473
44,6,2,604
44,6,3,548
44,5,0,366,64
44,5,1,600
44,5,2,374,04
44,5,3,606
45,6,0,191
45,6,1,346
45,6,2,158
45,6,3,306
45,5,0,945
45,5,1,636,16
45,5,2,700
45,5,3,640
44,4,0,390,096
44,4,1,621
44,4,2,424,04
44,4,3,394
45,4,0,585
45,4,1,389
45,4,2,372,816
45,4,3,476,88
44,3,0,463,5312
44,3,1,0
44,3,2,709
44,3,3,712,08
45,3,0,456,392
45,3,1,487,16
45,3,2,709
45,3,3,680,16
44,2,0,925
44,2,1,1102
44,2,2,1000
44,2,3,793
45,2,0,500
45,2,1,627
45,2,2,686
45,2,3,433,64
44,1,0,1303
44,1,1,1233
44,1,2,1551
44,1,3,1244
45,1,0,707
45,1,1,737
45,1,2,884
45,1,3,765
44,0,0,0
44,0,1,738
44,0,2,921
44,0,3,770
45,0,0,790
45,0,1,1235
45,0,2,994
45,0,3,993
46,4,0,911,416
46,4,1,958,2
46,4,2,984,88
46,4,3,985,08
46,3,0,553,6024
46,3,1,833
46,3,2,585,616
46,3,3,594,656
46,2,0,590,88
46,2,1,458,88
46,2,2,867
46,2,3,619,9431
46,1,0,1309
46,1,1,1205
46,1,2,1217
46,1,3,904
46,0,0,1217
46,0,1,1203
46,0,2,0
46,0,3,1002
47,4,0,935
47,4,1,639,72
47,4,2,628,488
47,4,3,630,44
47,3,0,550,72
47,3,1,507,1488
47,3,2,322,262
47,3,3,330,2186
47,2,0,297,5232
47,2,1,268,8694
47,2,2,468,48
47,2,3,334,08
47,1,0,695
47,1,1,1008
47,1,2,688,12
47,1,3,702,12
47,0,0,935,68
47,0,1,1320
47,0,2,898
47,0,3,898
48,4,0,325,12
48,4,1,300
48,4,2,423
48,4,3,538
48,3,0,941
48,3,1,634,84
48,3,2,648,64
48,3,3,645
48,2,0,384,48
48,2,1,388,48
48,2,2,388,68
48,2,3,535
48,1,0,558,16
48,1,1,600,56
48,1,2,834
48,1,3,773
48,0,0,930
48,0,1,663,8
48,0,2,686
48,0,3,626,4
49,4,0,84,56001
49,4,1,110,76
49,4,2,254
49,4,3,111
49,3,0,618
49,3,1,375,92
49,3,2,375,52
49,3,3,375,92
49,2,0,363,744
49,2,1,560
49,2,2,532,32
49,2,3,363,6
49,1,0,785,888
49,1,1,931
49,1,2,849,84
49,1,3,794,24
49,0,0,812,168
49,0,1,908
49,0,2,1134
49,0,3,815,688
50,4,0,465
50,4,1,471
50,4,2,436,16
50,4,3,694
50,3,0,298,44
50,3,1,272,168
50,3,2,479
50,3,3,439
50,2,0,480,32
50,2,1,490,12
50,2,2,0
50,2,3,490,32
50,1,0,-115
50,1,1,-181,24
50,1,2,-176,64
50,1,3,-96
50,0,0,-192,768
50,0,1,-195,9936
50,0,2,-96
50,0,3,-195
47,6,0,0
47,6,1,0
47,6,2,0
47,6,3,0
48,6,0,0
48,6,1,0
48,6,2,0
48,6,3,0
49,6,0,0
49,6,1,0
49,6,2,0
49,6,3,0
50,6,0,0
50,6,1,0
50,6,2,0
50,6,3,0
