1,1;1,7;1,13;1,19;1,25;1,31;1,37;7,1;7,7;7,13;7,19;7,25;7,31;7,37;13,1;13,7;13,13;13,19;13,25;13,31;13,37;19,1;19,7;19,13;19,19;19,25;19,31;19,37;25,1;25,7;25,13;25,19;25,25;25,31;25,37;31,1;31,7;31,13;31,19;31,25;31,31;31,37;37,1;37,7;37,13;37,19;37,25;37,31;37,37;43,19
1,1;1,7:7,1
1,7;1,1:7,7:1,13
1,13;1,7:7,13:1,19
1,19;1,13:1,25:7,19
1,25;1,19:1,31:7,25
1,31;1,25:1,37:7,31
1,37;1,31:7,37
7,1;1,1:7,7:13,1
7,7;7,1:1,7:7,13:13,7
7,13;7,7:1,13:7,19:13,13
7,19;7,13:1,19:7,25:13,19
7,25;7,19:1,25:7,31:13,25
7,31;7,25:1,31:7,37:13,31
7,37;7,31:1,37:13,37
13,1;7,1:13,7:19,1
13,7;13,1:7,7:13,13:19,7
13,13;13,7:7,13:13,19:19,13
13,19;13,13:7,19:13,25:19,19
13,25;13,19:7,25:13,31:19,25
13,31;13,25:7,31:13,37:19,31
13,37;13,31:7,37:19,37
19,1;13,1:19,7:25,1
19,7;19,1:13,7:19,13:25,7
19,13;19,7:13,13:19,19:25,13
19,19;19,13:19,25:25,19
19,25;19,19:13,25:19,31:25,25
19,31;19,25:13,31:19,37:25,31
19,37;19,31:13,37:25,37
25,1;19,1:25,7:31,1
25,7;25,1:19,7:25,13:31,7
25,13;25,7:19,13:25,25:31,13
25,19;25,13:19,19:25,25:31,19
25,25;25,19:19,25:25,31:31,25
25,31;25,25:19,31:25,37:31,31
25,37;25,31:19,37:31,37
31,1;25,1:31,7:37,1
31,7;31,1:25,7:31,13:37,7
31,13;31,7:25,13:31,19:37,13
31,19;31,13:25,19:31,25:37,19
31,25;31,19:25,25:31,31,37,25
31,31;31,25:25,31:31,37:37,31
31,37;31,31:25,37,37,37
37,1;31,1:37,7
37,7;37,1:31,7:37,13
37,13;37,7:31,13:37,19
37,19;37,13:31,19:37,25
37,25;37,19:31,25:37,31
37,31;37,25:31,31:37,37
37,37;37,31:31,37
43,19;37,1:37,7:37,13:37,19:37,25:37,31:37,37