1,1;1,6;1,11;1,16;1,21;1,26;1,31;1,36;1,41;7,41;7,36;7,31;7,26;7,21;7,16;7,11;7,6;7,1;13,1;13,6;13,11;13,16;13,21;13,26;13,31;13,36;13,41;19,41;19,36;19,31;19,26;19,21;19,16;19,11;19,6;19,1;24,1;24,6;24,11;24,16;24,21;24,26;24,31;24,36;24,41;28,41;32,41;36,41;40,41
1,1;1,6
1,6;1,1:1,11
1,11;1,6:1,16
1,16;1,11:1,21
1,21;1,16:1,26
1,26;1,21:1,31
1,31;1,26:1,36
1,36;1,31:1,41
1,41;1,36:7,41
7,41;1,41:7,36
7,36;7,41:7,31
7,31;7,36:7,26
7,26;7,21:7,31
7,21;7,26:7,16
7,16;7,11:7,21
7,11;7,6:7,16
7,6;7,11:7,1
7,1;13,1:7,6
13,1;7,1:13,6
13,6;13,1:13,11
13,11;13,16:13,6
13,16;13,11:13,21
13,21;13,16:13,26
13,26;13,21:13,31
13,31;13,36:13,26
13,36;13,31:13,41
13,41;13,36:19,41
19,41;13,41:19,36
19,36;19,41:19,31
19,31;19,26:19,36
19,26;19,31:19,21
19,21;19,26:19,16
19,16;19,21:19,11
19,11;19,6:19,16
19,6;19,11:19,1
19,1;19,6:24,1
24,1;19,1:24,6
24,6;24,1:24,11
24,11;24,6:24,16
24,16;24,11:24,21
24,21;24,26:24,16
24,26;24,21:24,31
24,31;24,26:24,36
24,36;24,31:24,41
24,41;24,36:28,41
28,41;24,41:32,41
32,41;28,41:36,41
36,41;40,41:32,41
40,41;36,41